target	Col0_rep1	Col0_rep2	Col0_rep3	cyp71_rep1	cyp71_rep2	cyp71_rep3	se_rep1	se_rep2	se_rep3
AT1G53160 (SPL4)	4.07	4.47	4.39	5.99	5.7	5.72	3.53	4.9	5.6
AT3G54990 (SMZ)	13.37	10.92	10.78	16.27	15.29	15.29	4.55	4.11	5.51
AT1G06180 (MYB13)	13.25	12.0	12.88	18.55	17.67	17.68	11.9	11.32	11.9
AT2G28550 (RAP2-7)	70.5	68.08	71.65	78.35	83.72	79.37	54.63	53.86	54.3
AT4G29900 (ACA10)	18.98	19.89	20.06	22.32	22.58	22.74	20.12	18.47	19.09
AT4G36920 (AP2)	14.86	14.82	14.49	18.81	19.24	19.35	14.83	13.82	15.15
AT5G60120 (TOE2)	14.03	14.89	14.29	22.83	23.76	22.09	14.77	14.5	12.94
AT2G28350 (ARF10)	17.17	17.46	17.1	20.72	20.42	21.3	18.97	18.97	17.64
AT2G47940 (DEGP2)	98.87	94.63	101.0	129.2	135.55	132.33	86.87	83.05	77.77
AT5G06100 (MYB33)	9.51	9.41	9.65	16.62	16.14	16.84	12.53	11.62	12.7
AT3G57230 (AGL16)	25.0	21.78	24.03	30.33	29.66	27.7	27.2	22.41	27.14
AT1G02660 (PLIP2)	3.1	3.41	3.61	7.2	7.64	6.01	13.37	13.56	11.97
AT5G27660 (DEGP14)	2.1	2.6	3.0	5.04	5.37	4.03	3.04	3.39	2.98
AT2G34530	2.12	1.93	2.19	3.68	3.27	3.05	2.49	3.38	3.27
AT5G01370 (ACI1)	4.73	5.03	4.42	8.32	8.45	9.58	5.69	6.48	6.04
AT1G33140 (PGY2)	103.35	103.03	104.99	140.48	121.37	137.92	103.98	134.11	130.24
AT1G66700 (PXMT1)	1.71	1.12	0.93	2.9	3.53	2.65	3.21	2.69	3.21
AT5G06510 (NFYA10)	2.05	2.85	1.81	7.41	7.83	8.01	3.17	2.84	2.95
AT2G22840 (GRF1)	4.81	6.11	6.0	13.57	12.21	12.49	12.15	13.12	13.82
AT3G05690 (NFYA2)	7.73	6.83	7.35	13.63	15.45	13.39	17.07	16.28	18.53
AT1G72830 (NFYA3)	3.51	3.28	3.57	5.84	5.82	5.64	7.17	6.86	6.77
AT1G54160 (NFYA5)	2.27	2.1	1.79	4.74	4.89	5.13	2.31	3.24	2.27
AT5G49330 (MYB111)	1.99	1.95	1.86	3.76	4.02	4.1	3.03	2.74	2.85
AT3G57920 (SPL15)	2.96	2.7	2.48	4.21	4.32	4.12	4.45	5.11	5.19
AT5G67180 (TOE3)	4.06	4.06	4.03	5.92	6.89	6.32	6.58	6.86	7.21
AT2G36400 (GRF3)	7.87	7.73	8.24	13.36	13.15	14.47	12.04	11.7	13.2
AT1G17590 (NFYA8)	3.72	3.39	3.47	5.58	5.44	4.19	5.69	6.15	7.25
AT4G37740 (GRF2)	4.94	5.19	5.25	6.37	6.74	7.16	9.73	9.4	10.02
AT2G03220 (FUT1)	8.41	8.77	8.68	11.48	12.67	12.36	13.0	11.94	11.16
AT1G69770 (CMT3)	11.57	11.48	11.93	16.72	16.25	16.73	16.7	13.9	14.28
AT5G57700	8.1	5.76	8.06	10.17	10.48	8.7	10.52	9.1	10.19
AT2G34710 (PHB)	22.28	24.15	21.88	27.15	30.45	29.18	33.63	30.38	31.75
AT5G65020 (ANN2)	40.27	41.45	41.71	61.25	62.08	58.03	57.11	62.19	62.19
AT1G30490 (PHV)	13.14	13.08	13.93	18.47	19.19	18.06	21.32	19.51	18.09
AT1G62670 (RPF2)	2.76	3.32	2.5	3.33	3.3	3.81	5.7	5.43	5.16
AT1G62930 (RPF3)	2.98	3.42	2.85	3.26	3.08	3.45	5.97	6.92	6.09
AT2G45480 (GRF9)	2.98	3.84	3.07	3.93	3.63	2.85	7.13	6.48	6.62
AT1G02860 (BAH1)	6.32	7.13	6.0	6.52	6.08	8.5	14.08	12.59	11.83
AT1G62590 (PPR-AC)	3.37	3.98	3.9	4.85	4.74	5.29	7.55	6.02	5.71
AT1G63400	1.33	1.58	1.81	2.01	2.17	1.94	3.06	2.56	2.56
AT2G02850 (ARPN)	4.74	4.09	3.72	2.31	2.89	1.78	9.29	10.2	11.17
AT1G52150 (ATHB-15)	16.23	18.08	17.74	20.04	21.73	20.83	33.48	29.75	27.8
AT5G41170 (RFL24)	1.32	1.12	1.17	1.54	1.38	1.17	2.85	1.69	1.59
AT3G20910 (NFYA9)	6.74	6.42	6.24	8.67	7.41	6.96	9.5	10.01	9.11
AT3G61250 (MYB17)	3.59	4.12	4.17	4.66	4.3	4.75	5.67	5.87	6.08
AT5G60020 (LAC17)	10.19	9.48	9.61	7.84	7.72	9.17	16.93	16.63	17.91
AT5G26030 (FC1)	33.75	31.66	33.02	32.55	33.92	33.57	53.45	48.23	51.75
AT1G63150	1.9	1.91	1.55	2.12	1.96	1.34	3.15	2.69	2.5
AT5G14550	3.09	3.72	3.22	3.58	3.26	4.36	4.25	4.75	5.54
AT1G56010 (NAC021)	10.16	11.0	10.53	9.69	9.76	9.76	15.99	16.89	17.97
AT1G27340 (FBX6)	25.41	24.34	26.51	28.14	27.51	28.01	33.65	34.55	36.1
AT1G62910 (RFL9)	1.57	1.24	1.44	1.5	1.23	1.08	2.12	2.33	2.21
AT3G15640 (COX5B-1)	49.46	45.92	48.06	43.99	40.69	43.0	68.28	76.79	75.69
AT2G33810 (SPL3)	4.23	4.55	4.92	2.5	2.37	2.96	8.47	8.07	8.71
AT5G43270 (SPL2)	15.1	15.94	14.82	16.89	16.63	16.38	19.47	19.11	21.55
AT5G37020 (ARF8)	27.96	29.27	26.98	28.78	29.64	27.39	41.99	36.18	37.76
AT4G24150 (GRF8)	1.97	1.8	1.41	0.85	0.95	1.02	4.84	3.8	3.6
AT3G52910 (GRF4)	10.93	11.15	11.76	11.23	9.44	9.18	15.09	16.8	18.37
AT1G60140 (TPS10)	12.28	12.17	12.19	13.07	13.72	13.39	17.34	14.66	14.28
AT3G24660 (TMKL1)	6.51	6.7	6.63	6.62	6.83	6.92	9.17	8.44	7.94
AT4G03190 (GRH1)	11.38	12.93	12.83	12.12	11.51	11.86	16.49	14.98	16.85
AT3G14560	12.31	13.56	14.04	12.8	13.25	14.32	15.16	16.65	16.78
AT1G31280 (AGO2)	9.32	9.43	10.5	6.66	6.8	7.21	23.09	19.76	18.12
AT2G42200 (SPL9)	4.73	5.69	5.46	5.11	3.6	4.02	10.82	10.6	10.16
AT1G27360 (SPL11)	10.69	10.48	9.06	5.48	6.54	6.06	16.18	16.45	16.03
AT3G56190 (ASNAP2)	51.7	51.45	48.64	51.62	52.36	58.94	56.35	59.32	55.76
AT3G06370 (NHX3)	3.29	3.28	2.61	2.19	2.07	2.16	4.82	4.68	4.19
AT1G30210 (TCP24)	17.01	16.5	16.71	14.63	15.75	16.43	20.97	20.63	21.28
AT1G64580	3.58	3.7	3.59	2.82	3.16	2.72	5.56	4.74	4.47
AT1G69170 (SPL6)	7.93	6.34	7.34	5.51	6.93	6.43	8.73	8.75	8.75
AT1G08830 (CSD1)	54.21	47.74	57.67	24.93	28.04	26.59	114.58	115.9	122.81
AT5G61430 (NAC100)	2.37	2.69	2.39	1.53	1.93	2.38	2.78	3.26	3.53
AT1G27370 (SPL10)	15.06	15.0	15.53	11.08	11.15	11.64	19.2	20.33	20.01
AT3G44860 (FAMT)	1.91	2.46	2.28	1.19	1.44	1.59	2.69	3.02	3.61
AT1G10700 (PRS3)	14.95	15.19	13.62	12.65	12.99	12.23	15.99	18.7	16.25
AT5G39610 (NAC92)	15.05	15.13	16.33	11.01	11.73	10.6	19.13	19.57	17.8
AT2G38080 (IRX12)	10.66	13.35	11.76	6.99	8.08	7.98	14.14	13.49	14.27
